<?xml version="1.0" encoding="UTF-8" standalone="no"?>
<!DOCTYPE svg PUBLIC "-//W3C//DTD SVG 20010904//EN"
              "http://www.w3.org/TR/2001/REC-SVG-20010904/DTD/svg10.dtd">

<svg xmlns="http://www.w3.org/2000/svg"
     width="22.2222in" height="22.2222in"
     viewBox="0 0 1600 1600">
  <path id="Selection #1"
        fill="none" stroke="black" stroke-width="1"
        d="M 461.00,1278.55
           C 437.84,1273.89 415.58,1259.98 400.44,1242.00
             383.61,1222.03 375.04,1195.97 375.00,1170.00
             375.00,1170.00 375.00,1146.00 375.00,1146.00
             375.00,1146.00 375.00,1090.00 375.00,1090.00
             375.00,1090.00 375.00,742.00 375.00,742.00
             375.00,742.00 375.00,569.00 375.00,569.00
             375.00,569.00 375.00,523.00 375.00,523.00
             375.14,515.51 377.26,516.01 384.00,516.00
             384.00,516.00 1228.00,516.00 1228.00,516.00
             1228.00,516.00 1228.00,1178.00 1228.00,1178.00
             1227.99,1186.20 1226.85,1191.15 1224.87,1199.00
             1215.20,1237.54 1185.61,1267.63 1147.00,1277.52
             1139.20,1279.52 1130.04,1280.99 1122.00,1281.00
             1122.00,1281.00 1062.00,1281.00 1062.00,1281.00
             1062.00,1281.00 1062.00,1517.00 1062.00,1517.00
             1061.96,1545.82 1041.88,1568.83 1016.00,1579.40
             1003.62,1584.45 996.15,1585.90 983.00,1587.17
             978.89,1587.57 977.57,1588.14 973.00,1587.96
             939.16,1586.65 903.67,1571.40 890.61,1538.00
             887.95,1531.20 887.01,1524.27 887.00,1517.00
             887.00,1517.00 887.00,1281.00 887.00,1281.00
             887.00,1281.00 716.00,1281.00 716.00,1281.00
             716.00,1281.00 716.00,1518.00 716.00,1518.00
             715.96,1544.74 698.11,1565.68 675.00,1577.24
             662.62,1583.43 650.59,1585.85 637.00,1587.17
             632.89,1587.57 631.57,1588.14 627.00,1587.96
             592.95,1586.64 555.66,1570.58 544.00,1536.00
             541.73,1529.26 541.01,1524.07 541.00,1517.00
             541.00,1517.00 541.00,1281.00 541.00,1281.00
             518.86,1281.00 481.29,1282.63 461.00,1278.55 Z
           M 484.00,1282.00
           C 484.00,1282.00 483.00,1283.00 483.00,1283.00
             483.00,1283.00 483.00,1282.00 483.00,1282.00
             483.00,1282.00 484.00,1282.00 484.00,1282.00 Z
           M 540.00,1282.00
           C 540.00,1282.00 539.00,1283.00 539.00,1283.00
             539.00,1283.00 539.00,1282.00 539.00,1282.00
             539.00,1282.00 540.00,1282.00 540.00,1282.00 Z
           M 718.00,1282.00
           C 718.00,1282.00 717.00,1283.00 717.00,1283.00
             717.00,1283.00 717.00,1282.00 717.00,1282.00
             717.00,1282.00 718.00,1282.00 718.00,1282.00 Z
           M 1064.00,1282.00
           C 1064.00,1282.00 1063.00,1283.00 1063.00,1283.00
             1063.00,1283.00 1063.00,1282.00 1063.00,1282.00
             1063.00,1282.00 1064.00,1282.00 1064.00,1282.00 Z" />
</svg>
