<?xml version="1.0" encoding="UTF-8" standalone="no"?>
<!DOCTYPE svg PUBLIC "-//W3C//DTD SVG 20010904//EN"
              "http://www.w3.org/TR/2001/REC-SVG-20010904/DTD/svg10.dtd">

<svg xmlns="http://www.w3.org/2000/svg"
     width="22.2222in" height="22.2222in"
     viewBox="0 0 1600 1600">
  <path id="Selection #2"
        fill="none" stroke="black" stroke-width="1"
        d="M 535.59,68.00
           C 535.59,68.00 528.28,57.00 528.28,57.00
             523.84,50.62 516.32,42.18 517.20,34.00
             518.38,22.98 530.74,17.59 539.96,23.23
             545.09,26.36 555.10,43.15 559.00,49.00
             559.00,49.00 597.83,107.00 597.83,107.00
             597.83,107.00 611.31,127.00 611.31,127.00
             612.67,129.10 615.09,133.65 617.47,134.49
             619.30,135.14 623.10,133.69 625.00,133.14
             625.00,133.14 643.00,127.86 643.00,127.86
             663.41,122.08 684.11,118.51 705.00,115.08
             705.00,115.08 768.00,109.00 768.00,109.00
             768.00,109.00 798.00,109.00 798.00,109.00
             798.00,109.00 833.00,109.00 833.00,109.00
             833.00,109.00 889.00,114.13 889.00,114.13
             912.39,117.38 935.13,121.68 958.00,127.63
             958.00,127.63 977.00,133.14 977.00,133.14
             978.83,133.67 982.59,135.16 984.33,134.52
             986.44,133.74 989.49,128.92 990.86,127.00
             990.86,127.00 1004.86,106.00 1004.86,106.00
             1004.86,106.00 1035.67,60.00 1035.67,60.00
             1035.67,60.00 1056.43,29.01 1056.43,29.01
             1059.11,25.38 1061.47,22.75 1066.00,21.56
             1076.11,18.90 1085.86,26.43 1084.80,37.00
             1084.27,42.30 1080.86,46.71 1078.00,51.00
             1078.00,51.00 1065.33,70.00 1065.33,70.00
             1065.33,70.00 1014.00,147.00 1014.00,147.00
             1033.28,153.73 1060.01,169.12 1077.00,180.66
             1145.24,227.01 1187.58,288.02 1212.50,366.00
             1219.87,389.05 1224.76,412.95 1227.17,437.00
             1227.17,437.00 1229.00,458.00 1229.00,458.00
             1229.00,458.00 374.00,458.00 374.00,458.00
             374.00,458.00 376.84,433.00 376.84,433.00
             387.66,331.91 442.01,236.32 527.00,179.67
             542.71,169.19 570.44,153.13 588.00,147.00
             588.00,147.00 535.59,68.00 535.59,68.00 Z
           M 952.17,253.67
           C 920.69,281.08 938.42,335.99 983.00,335.99
             1013.42,335.99 1034.26,309.42 1028.74,280.00
             1027.09,271.21 1023.01,262.70 1016.70,256.29
             1007.39,246.82 995.93,243.23 983.00,242.57
             970.90,243.18 961.62,245.44 952.17,253.67 Z
           M 592.00,250.22
           C 561.69,271.06 566.00,319.37 601.00,332.58
             606.19,334.53 611.43,335.86 617.00,335.99
             650.87,336.76 674.16,303.47 661.80,272.00
             659.34,265.76 655.90,259.80 650.96,255.17
             638.99,243.96 625.71,241.80 610.00,243.29
             603.45,244.39 597.52,246.42 592.00,250.22 Z" />
</svg>
