<?xml version="1.0" encoding="UTF-8" standalone="no"?>
<!DOCTYPE svg PUBLIC "-//W3C//DTD SVG 20010904//EN"
              "http://www.w3.org/TR/2001/REC-SVG-20010904/DTD/svg10.dtd">

<svg xmlns="http://www.w3.org/2000/svg"
     width="5.13889in" height="5.13889in"
     viewBox="0 0 370 370">
  <path id="Selection"
        fill="none" stroke="black" stroke-width="1"
        d="M 105.25,33.00
           C 105.25,33.00 114.00,54.00 114.00,54.00
             101.34,60.10 88.88,70.09 79.00,80.00
             51.48,107.61 34.55,147.89 35.00,187.00
             35.00,187.00 35.92,197.00 35.92,197.00
             39.01,235.62 57.75,272.27 87.00,297.71
             112.30,319.72 148.23,334.60 182.00,335.00
             197.04,335.17 212.56,332.80 227.00,328.58
             227.00,328.58 241.00,324.00 241.00,324.00
             241.00,324.00 256.00,356.00 256.00,356.00
             176.08,387.78 86.50,364.02 35.15,294.00
             24.07,278.89 15.58,261.75 9.67,244.00
             4.43,228.29 0.20,207.55 0.00,191.00
             -0.46,151.57 9.30,115.14 31.08,82.00
             49.13,54.53 70.90,37.18 99.00,21.00
             99.00,21.00 105.25,33.00 105.25,33.00 Z" />
</svg>
