<?xml version="1.0" encoding="UTF-8" standalone="no"?>
<!DOCTYPE svg PUBLIC "-//W3C//DTD SVG 20010904//EN"
              "http://www.w3.org/TR/2001/REC-SVG-20010904/DTD/svg10.dtd">

<svg xmlns="http://www.w3.org/2000/svg"
     width="5.13889in" height="5.13889in"
     viewBox="0 0 370 370">
  <path id="Selection #1"
        fill="none" stroke="black" stroke-width="1"
        d="M 181.00,0.00
           C 209.12,-0.33 237.42,5.56 263.00,17.31
             283.15,26.56 303.65,40.99 318.96,57.00
             380.42,121.24 387.00,222.20 334.85,294.00
             322.89,310.46 303.80,330.00 286.00,340.00
             282.58,333.99 272.11,312.92 271.00,307.00
             279.65,301.52 284.87,296.13 292.00,289.00
             333.96,247.02 345.87,184.83 324.00,130.00
             318.06,115.11 309.87,100.86 299.00,89.00
             299.00,89.00 230.00,296.00 230.00,296.00
             230.00,296.00 228.00,296.00 228.00,296.00
             228.00,296.00 194.69,224.00 194.69,224.00
             194.69,224.00 178.00,187.00 178.00,187.00
             178.00,187.00 176.00,187.00 176.00,187.00
             176.00,187.00 167.86,206.00 167.86,206.00
             167.86,206.00 149.31,247.00 149.31,247.00
             149.31,247.00 135.00,277.00 135.00,277.00
             135.00,277.00 105.15,207.00 105.15,207.00
             105.15,207.00 95.80,185.00 95.80,185.00
             95.80,185.00 92.42,175.00 92.42,175.00
             92.42,175.00 97.75,161.00 97.75,161.00
             97.75,161.00 108.00,139.00 108.00,139.00
             108.00,139.00 110.00,139.00 110.00,139.00
             110.00,139.00 138.00,204.00 138.00,204.00
             138.00,204.00 160.99,148.00 160.99,148.00
             160.99,148.00 177.00,111.00 177.00,111.00
             177.00,111.00 207.69,175.00 207.69,175.00
             210.56,181.25 217.90,198.86 222.00,203.00
             222.00,203.00 231.58,167.00 231.58,167.00
             231.58,167.00 250.88,98.00 250.88,98.00
             250.88,98.00 258.58,71.00 258.58,71.00
             259.24,68.62 261.52,61.07 261.08,59.04
             260.37,55.76 256.70,54.14 254.00,52.76
             254.00,52.76 236.00,44.60 236.00,44.60
             215.04,36.31 190.27,33.54 168.00,36.29
             168.00,36.29 144.00,41.00 144.00,41.00
             144.00,41.00 130.00,9.00 130.00,9.00
             141.47,3.98 168.26,0.15 181.00,0.00 Z" />
</svg>
